50
20 13 18 2 1 2 16 6 4 15 6 5 3 9 2 20 9 5 6 16 15 
20 6 10 9 16 10 9 6 1 18 4 16 2 13 17 15 6 12 12 10 19 
20 17 6 1 6 7 13 14 4 18 1 10 15 11 19 2 20 19 7 12 16 
20 3 7 10 7 4 4 13 7 15 14 5 3 19 6 8 18 18 13 1 7 
20 6 10 1 16 20 14 7 18 1 10 6 15 9 15 1 12 10 5 10 4 
20 18 15 6 17 12 6 14 1 10 6 7 15 15 19 2 7 12 20 4 4 
20 10 9 10 18 15 3 1 4 7 10 7 17 16 5 5 7 2 18 19 3 
20 15 5 18 1 15 11 7 19 11 3 14 12 11 4 1 18 18 13 1 16 
20 2 20 12 10 16 16 8 17 5 7 19 19 3 8 12 18 19 18 8 1 
20 12 1 12 3 16 4 12 5 16 12 1 9 11 12 18 6 20 18 14 4 
20 4 5 15 18 12 18 7 2 7 14 2 19 7 5 13 14 8 4 11 15 
20 15 11 4 18 14 13 15 13 10 9 9 5 13 15 15 16 12 1 18 18 
20 7 19 8 5 16 20 10 15 3 20 10 10 10 5 7 16 9 1 8 19 
20 1 8 15 13 14 9 9 5 2 18 15 8 8 2 4 3 14 13 10 16 
20 13 19 5 2 15 3 17 3 4 17 13 4 16 8 9 10 8 9 6 1 
20 6 12 20 13 6 3 8 19 16 17 14 8 7 11 1 1 13 10 15 8 
20 18 8 12 13 7 12 2 6 20 20 7 17 11 6 1 16 9 8 14 16 
20 16 20 3 2 10 15 14 14 4 9 2 1 16 5 6 2 16 7 7 7 
20 6 5 3 9 11 15 4 11 3 18 6 10 17 20 12 18 14 5 11 10 
20 13 12 10 20 16 15 13 3 14 20 9 11 16 3 19 6 10 3 16 4 
20 12 13 13 20 12 4 17 6 1 19 15 5 3 16 5 10 3 17 13 8 
20 8 13 18 4 8 17 1 17 11 9 20 14 1 12 13 5 8 1 2 8 
20 11 16 4 13 3 8 15 17 17 7 4 16 11 2 11 10 10 12 18 20 
20 20 9 5 12 13 17 8 20 9 9 19 19 16 2 4 19 2 18 15 10 
20 16 19 5 18 12 16 8 1 19 17 12 10 6 16 1 18 4 9 9 12 
20 17 19 2 5 12 5 3 13 2 9 2 17 19 19 15 10 14 14 2 4 
20 10 5 13 7 20 13 16 15 13 4 18 2 14 20 6 6 16 20 10 18 
20 20 4 6 19 2 12 20 7 17 14 10 19 18 14 5 10 18 1 4 11 
20 16 2 4 10 13 1 7 8 12 8 17 11 11 15 1 4 6 13 2 15 
20 6 3 13 3 16 17 12 14 9 16 16 5 9 19 6 1 11 4 20 2 
20 11 17 4 14 11 5 17 8 17 11 2 2 13 6 16 9 15 8 14 3 
20 15 9 19 3 19 16 3 9 19 2 2 2 10 5 15 20 1 3 20 9 
20 13 13 2 6 19 18 6 13 17 19 7 11 19 6 13 17 13 7 17 12 
20 20 10 5 10 6 19 1 7 13 12 7 6 5 9 3 3 18 8 7 14 
20 18 13 4 16 10 16 4 3 14 12 14 13 1 10 14 6 20 7 4 12 
20 18 3 17 2 11 19 16 20 18 2 13 15 15 16 2 4 3 17 6 8 
20 8 11 12 20 12 6 18 11 4 1 3 1 3 19 15 5 10 10 4 7 
20 12 8 2 18 15 15 13 9 12 11 16 19 13 8 19 5 5 16 15 8 
20 8 17 20 3 8 14 19 17 4 3 3 7 2 16 4 17 11 8 5 2 
20 18 13 12 11 12 2 15 8 9 9 15 9 18 6 11 5 20 9 1 15 
20 3 15 13 5 3 16 13 5 3 17 18 13 1 9 3 12 3 9 19 11 
20 17 5 19 14 11 1 10 2 2 2 8 4 9 20 20 11 7 12 15 1 
20 1 12 13 1 12 7 5 14 15 3 17 4 20 7 9 2 8 19 15 1 
20 20 2 4 8 13 4 10 19 7 4 19 7 7 4 20 19 2 4 4 17 
20 6 20 20 17 7 8 18 6 18 12 6 18 5 1 17 17 16 7 15 3 
20 2 6 1 9 1 20 19 2 3 2 10 1 2 9 17 20 9 15 17 6 
20 18 14 15 3 14 12 19 10 10 6 4 3 3 4 11 3 4 9 16 18 
20 11 6 18 4 6 7 15 14 1 11 20 18 4 6 20 9 9 11 18 18 
20 16 13 1 18 17 3 12 12 4 7 1 6 12 19 9 18 5 3 3 17 
20 5 2 6 8 20 18 8 8 8 6 18 15 10 18 12 18 12 3 9 15 
0
